res-norm: 1.597892007746714e-6
res-norm: 0.3911933646303885
res-norm: 0.5598849084733456
res-norm: 0.5598990374648148