res-norm: 0.001582784299474671
res-norm: 8.875037159563067
res-norm: 8.6705905902345
res-norm: 11.282979982441281